139.860000
66.429000
52.920000
35.568000
91.800000
36.000000
78.720000
245.245000
105.570000
17.690000
27.776000
218.880000
163.680000
234.360000
179.520000
68.255000
82.251000
63.140000
151.902000
136.896000
177.600000
59.400000
21.070000
268.096000
715.176000
1793.520000
1133.850200
48.825000
332.966400
509.184000
1929.889500
3161.558400
320.740000
362.372000
502.465600
56.100000
3405.888000
841.568000
166.842000
524.339200
106.590000
351.292800
3718.809600
943.628400
941.740800
26.373600
745.945200
68.560800
